settings {
  terrain_settings {
    scale: 20
    height_scale: 0
  }
  step_settings {
    num_segments: 20
    step_size: 0.5
    deviation: 0.78539813
    road_height: 5
  }
  cell_parameter_set {
    cell_id: 0
    segment_size: 30
    segment_size_deviation: 0.5
    degree: 2
    degree_deviation: 0.5
    snap_size: 10
    snap_size_deviation: 0.5
    connectivity: 1
  }
}
nodes {
  x: -383.33334
  y: 0
  z: 883.33331
}
nodes {
  x: 163.33333
  y: 0
  z: 876.66669
}
nodes {
  x: 156.66667
  y: 0
  z: 1463.3334
}
nodes {
  x: -383.33334
  y: 0
  z: 1463.3334
}
nodes {
  x: -383.33334
  y: 0
  z: 883.33331
}
